,Unnamed: 0,Song,Performer,Negative,Neutral,Positive,Compound
0,0,Firework,Katy Perry,0.042,0.848,0.11,0.9722
1,1,Grenade,Bruno Mars,0.101,0.613,0.287,0.9972
2,2,What's My Name?,Rihanna Featuring Drake,0.004,0.92,0.076,0.9897
3,3,Raise Your Glass,P!nk,0.191,0.742,0.067,0.9898999999999999
4,4,We R Who We R,Ke$ha,0.164,0.742,0.094,0.9492
5,5,Just The Way You Are,Bruno Mars,0.065,0.668,0.267,0.9986
6,6,Only Girl (In The World),Rihanna,0.015,0.709,0.276,0.9977
7,7,The Time (Dirty Bit),The Black Eyed Peas,0.079,0.817,0.104,0.9596
8,8,6 Foot 7 Foot,Lil Wayne Featuring Cory Gunz,0.219,0.665,0.115,0.9984
9,9,Just A Dream,Nelly,0.058,0.761,0.181,0.9942
10,10,Bottoms Up,Trey Songz Featuring Nicki Minaj,0.076,0.821,0.103,0.9642
11,11,Black And Yellow,Wiz Khalifa,0.061,0.828,0.111,0.9778
12,12,Tonight (I'm Lovin' You),Enrique Iglesias Featuring Ludacris & DJ Frank E,0.045,0.815,0.14,0.9826
13,13,Like A G6,Far*East Movement Featuring Cataracs & Dev,0.063,0.707,0.23,0.9974999999999999
14,14,DJ Got Us Fallin' In Love,Usher Featuring Pitbull,0.067,0.729,0.204,0.9984
15,15,Stereo Love,Edward Maya & Vika Jigulina,0.162,0.715,0.123,0.9564
16,16,Dynamite,Taio Cruz,0.009,0.807,0.185,0.9952
17,17,No Hands,Waka Flocka Flame Featuring Roscoe Dash & Wale,0.113,0.807,0.08,0.0969
18,18,Coming Home,Diddy - Dirty Money Featuring Skylar Grey,0.096,0.752,0.152,0.9914
19,19,Yeah 3X,Chris Brown,0.031,0.67,0.299,0.9989000000000001
20,20,Please Don't Go,Mike Posner,0.022,0.804,0.174,0.9933
21,21,Teenage Dream,Katy Perry,0.058,0.816,0.126,0.9704
22,22,Animal,Neon Trees,0.061,0.832,0.107,0.7489
23,23,F**k You! (Forget You),Cee Lo Green,0.065,0.855,0.08,0.9991
24,24,Secrets,OneRepublic,0.206,0.707,0.088,0.9935
25,25,Back To December,Taylor Swift,0.055,0.783,0.163,0.9898999999999999
26,26,Hey Baby (Drop It To The Floor),Pitbull Featuring T-Pain,0.056,0.884,0.06,0.0779
27,27,Right Above It,Lil Wayne Featuring Drake,0.183,0.692,0.125,0.9923
28,28,Right Thru Me,Nicki Minaj,0.24,0.685,0.075,0.9984999999999999
29,29,Aston Martin Music,Rick Ross Featuring Drake & Chrisette Michele,0.137,0.755,0.108,0.9804
30,30,That's All She Wrote,T.I. Featuring Eminem,0.158,0.704,0.138,0.09890000000000002
31,31,Club Can't Handle Me,Flo Rida Featuring David Guetta,0.037,0.873,0.09,0.0987
32,32,I Like It,Enrique Iglesias Featuring Pitbull,0.089,0.623,0.287,0.9992000000000001
33,33,If I Die Young,The Band Perry,0.065,0.72,0.215,0.9945
34,34,Whip My Hair,Willow,0.047,0.864,0.089,0.9816
35,35,Somewhere With You,Kenny Chesney,0.05,0.83,0.121,0.9705999999999999
36,36,No Love,Eminem Featuring Lil Wayne,0.203,0.602,0.195,0.09790000000000001
37,37,Deuces,Chris Brown Featuring Tyga & Kevin McCall,0.087,0.794,0.119,0.0973
38,38,Hold My Hand,Michael Jackson Duet With Akon,0.063,0.773,0.164,0.9999
39,39,Felt Good On My Lips,Tim McGraw,0.093,0.622,0.285,0.9961
40,40,Rocketeer,Far*East Movement Featuring Ryan Tedder,0.052,0.85,0.099,0.8819000000000001
41,41,Pretty Girl Rock,Keri Hilson,0.056,0.586,0.358,0.9997999999999999
42,42,My Kinda Party,Jason Aldean,0.047,0.79,0.163,0.9843999999999999
43,43,Love The Way You Lie,Eminem Featuring Rihanna,0.217,0.663,0.121,0.9982
44,44,Kush,Dr. Dre Featuring Snoop Dogg & Akon,0.159,0.776,0.065,0.9962
45,45,Jar Of Hearts,Christina Perri,0.041,0.777,0.181,0.0991
46,46,Stuck Like Glue,Sugarland,0.126,0.703,0.17,0.9823999999999999
47,47,Love Like Woe,The Ready Set,0.056,0.655,0.289,0.9994
48,48,Can't Be Friends,Trey Songz,0.168,0.624,0.208,0.9428000000000001
49,49,Memories,David Guetta Featuring Kid Cudi,0.073,0.597,0.33,0.9971
50,50,Who Are You When I'm Not Looking,Blake Shelton,0.089,0.807,0.104,0.7622
51,51,Mine,Taylor Swift,0.109,0.688,0.202,0.9907
52,52,Down On Me,Jeremih Featuring 50 Cent,0.071,0.8,0.129,0.9812
53,53,As She's Walking Away,Zac Brown Band Featuring Alan Jackson,0.214,0.636,0.15,0.9574
54,54,Rhythm of Love,Plain White T's,0.067,0.664,0.269,0.9965999999999999
55,55,Dog Days Are Over,Florence + The Machine,0.083,0.755,0.162,0.9782
56,56,We No Speak Americano,Yolanda Be Cool & Dcup,0.052,0.879,0.07,0.5349
57,57,Mama's Song,Carrie Underwood,0.054,0.563,0.383,0.9972
58,58,Turn On The Radio,Reba,0.114,0.737,0.149,0.5796
59,59,Don't You Wanna Stay,Jason Aldean With Kelly Clarkson,0.054,0.862,0.083,0.9993000000000001
60,60,Put You In A Song,Keith Urban,0.013,0.714,0.272,0.9972
61,61,Let Me Down Easy,Billy Currington,0.034,0.685,0.28,0.9933
62,62,Voices,Chris Young,0.076,0.725,0.199,0.9852000000000001
63,63,Lay It Down,Lloyd,0.0,0.897,0.103,0.9814
64,64,Why Wait,Rascal Flatts,0.066,0.781,0.153,0.9794
65,65,Maybe,Sick Puppies,0.165,0.753,0.082,0.09709999999999999
66,66,The Breath You Take,George Strait,0.05,0.838,0.112,0.9436
67,67,Only Prettier,Miranda Lambert,0.059,0.615,0.326,0.9967
68,68,Who Dat Girl,Flo Rida Featuring Akon,0.057,0.839,0.104,0.9671
69,69,Fire Flame,Birdman Featuring Lil Wayne,0.287,0.62,0.094,0.09990000000000002
70,70,Make A Movie,Twista Featuring Chris Brown,0.04,0.787,0.173,0.9978
71,71,Waiting For The End,Linkin Park,0.213,0.675,0.113,0.9916
72,72,Marry Me,Train,0.008,0.747,0.245,0.9928000000000001
73,73,Bass Down Low,Dev Featuring The Cataracs,0.16,0.72,0.119,0.9137000000000001
74,74,Fall For Your Type,Jamie Foxx Featuring Drake,0.087,0.733,0.18,0.9921
75,75,Anything Like Me,Brad Paisley,0.105,0.706,0.189,0.9452999999999999
76,76,Little Lion Man,Mumford & Sons,0.364,0.573,0.062,0.9977
78,78,Hello World,Lady Antebellum,0.068,0.739,0.193,0.9792
79,79,Higher,Taio Cruz Featuring Travie McCoy,0.009,0.85,0.142,0.9953
80,80,No BS,Chris Brown,0.181,0.684,0.135,0.0983
81,81,Moment 4 Life,Nicki Minaj Featuring Drake,0.078,0.706,0.216,0.9987
82,82,Christmas Lights,Coldplay,0.16,0.753,0.087,0.8712
83,83,Runaway,Kanye West Featuring Pusha T,0.129,0.797,0.074,0.9901
84,84,Bullets In The Gun,Toby Keith,0.121,0.795,0.084,0.9136
86,86,Smoke A Little Smoke,Eric Church,0.054,0.914,0.032,0.7454
87,87,More,Usher,0.125,0.78,0.095,0.9319000000000001
88,88,All I Want Is You,Miguel Featuring J. Cole,0.145,0.747,0.108,0.9814999999999999
89,89,What Do You Want,Jerrod Niemann,0.078,0.74,0.181,0.9014
90,90,Loving You No More,Diddy - Dirty Money Featuring Drake,0.151,0.653,0.196,0.0995
91,91,Are You Gonna Kiss Me Or Not,Thompson Square,0.027,0.684,0.289,0.9978
92,92,When A Woman Loves,R. Kelly,0.027,0.552,0.421,0.9993000000000001
93,93,You Be Killin Em,Fabolous,0.074,0.802,0.124,0.9343999999999999
94,94,September,Daughtry,0.055,0.717,0.228,0.9909000000000001
95,95,Loca,Shakira Featuring Dizzee Rascal,0.128,0.685,0.187,0.9882
96,96,For The First Time,The Script,0.212,0.675,0.113,0.9846999999999999
97,97,Letting Go (Dutty Love),Sean Kingston Featuring Nicki Minaj,0.047,0.615,0.338,0.9996
98,98,"Baby, It's Cold Outside",Glee Cast,0.075,0.753,0.172,0.9930999999999999
99,99,Oh Santa!,Mariah Carey,0.006,0.909,0.085,0.0993
100,100,Blank Space,Taylor Swift,0.18,0.646,0.174,0.6702
101,101,Uptown Funk!,Mark Ronson Featuring Bruno Mars,0.029,0.903,0.068,0.9929
102,102,Take Me To Church,Hozier,0.206,0.542,0.252,0.8657999999999999
103,103,Lips Are Movin,Meghan Trainor,0.028,0.846,0.127,0.9955
104,104,All About That Bass,Meghan Trainor,0.048,0.825,0.127,0.9853999999999999
105,105,I'm Not The Only One,Sam Smith,0.166,0.786,0.048,0.9782
106,106,Thinking Out Loud,Ed Sheeran,0.057,0.647,0.296,0.9974000000000001
107,107,Animals,Maroon 5,0.062,0.701,0.237,0.9987999999999999
108,108,Shake It Off,Taylor Swift,0.383,0.528,0.089,0.9997999999999999
109,109,Jealous,Nick Jonas,0.238,0.607,0.155,0.9803000000000001
110,110,Love Me Harder,Ariana Grande & The Weeknd,0.024,0.679,0.296,0.9994999999999999
112,112,The Heart Wants What It Wants,Selena Gomez,0.106,0.787,0.107,0.1451
113,113,Centuries,Fall Out Boy,0.141,0.784,0.074,0.9609
114,114,Only,"Nicki Minaj Featuring Drake, Lil Wayne & Chris Brown",0.234,0.614,0.152,0.9983000000000001
115,115,The Hanging Tree,James Newton Howard Featuring Jennifer Lawrence,0.237,0.684,0.079,0.9759
116,116,Bang Bang,"Jessie J, Ariana Grande & Nicki Minaj",0.029,0.884,0.087,0.9845
117,117,Tuesday,I LOVE MAKONNEN Featuring Drake,0.037,0.753,0.209,0.0996
118,118,No Type,Rae Sremmurd,0.106,0.757,0.137,0.9295
119,119,Habits (Stay High),Tove Lo,0.109,0.819,0.073,0.7971000000000001
120,120,Waves,Mr. Probz,0.021,0.824,0.155,0.9071999999999999
121,121,Don't,Ed Sheeran,0.142,0.694,0.164,0.8848
122,122,Hot Boy,Bobby Shmurda,0.06,0.94,0.0,0.0937
123,123,Stay With Me,Sam Smith,0.103,0.598,0.299,0.9924
124,124,7/11,Beyonce,0.034,0.874,0.092,0.0098
125,125,CoCo,O.T. Genasis,0.099,0.616,0.285,0.9987
127,127,Don't Tell 'Em,Jeremih Featuring YG,0.054,0.833,0.113,0.9911
128,128,Black Widow,Iggy Azalea Featuring Rita Ora,0.076,0.689,0.236,0.9987
129,129,Trumpets,Jason Derulo,0.061,0.841,0.098,0.9635999999999999
130,130,Blame,Calvin Harris Featuring John Newman,0.13,0.613,0.257,0.9705
131,131,Riptide,Vance Joy,0.074,0.776,0.15,0.9782
132,132,I Don't Mind,Usher Featuring Juicy J,0.051,0.857,0.091,0.9627000000000001
133,133,Night Changes,One Direction,0.151,0.816,0.034,0.9798
134,134,Rude,MAGIC!,0.127,0.702,0.171,0.9391999999999999
135,135,Heroes (We Could Be),Alesso Featuring Tove Lo,0.015,0.71,0.275,0.0996
136,136,Something In The Water,Carrie Underwood,0.042,0.764,0.194,0.9814
137,137,L.A.LOVE (la la),Fergie,0.015,0.912,0.073,0.9848000000000001
138,138,Chandelier,Sia,0.071,0.819,0.11,0.8865000000000001
139,139,Sledgehammer,Fifth Harmony,0.032,0.796,0.172,0.0995
140,140,Shotgun Rider,Tim McGraw,0.043,0.86,0.098,0.8742000000000001
141,141,Lifestyle,Rich Gang Featuring Young Thug & Rich Homie Quan,0.129,0.728,0.142,0.44489999999999996
142,142,Ghost,Ella Henderson,0.325,0.552,0.122,0.9982
143,143,Rather Be,Clean Bandit Featuring Jess Glynne,0.0,0.859,0.141,0.9934
144,144,Try Me,DeJ Loaf,0.199,0.716,0.085,0.9957
145,145,Time Of Our Lives,Pitbull & Ne-Yo,0.118,0.734,0.148,0.9602999999999999
146,146,Stolen Dance,Milky Chance,0.096,0.695,0.209,0.9856
147,147,Anaconda,Nicki Minaj,0.174,0.769,0.057,0.9977
148,148,Earned It (Fifty Shades Of Grey),The Weeknd,0.048,0.676,0.276,0.9971
149,149,Santa Tell Me,Ariana Grande,0.091,0.746,0.163,0.09890000000000002
150,150,Steal My Girl,One Direction,0.048,0.809,0.143,0.9856999999999999
151,151,Talladega,Eric Church,0.0,0.779,0.221,0.9914999999999999
152,152,Sun Daze,Florida Georgia Line,0.044,0.822,0.133,0.09709999999999999
153,153,I Bet My Life,Imagine Dragons,0.078,0.878,0.045,0.8378
154,154,Hold You Down,"DJ Khaled Featuring Chris Brown, August Alsina, Future & Jeremih",0.043,0.887,0.07,0.9420999999999999
155,155,"Touchin, Lovin",Trey Songz Featuring Nicki Minaj,0.071,0.846,0.083,0.8757999999999999
156,156,I See You,Luke Bryan,0.06,0.801,0.139,0.9471999999999999
157,157,G.D.F.R.,Flo Rida Featuring Sage The Gemini & Lookas,0.098,0.87,0.032,0.0959
158,158,Feeling Myself,Nicki Minaj Featuring Beyonce,0.073,0.865,0.062,0.8987
159,159,Drinking Class,Lee Brice,0.058,0.849,0.093,0.9265000000000001
160,160,God Made Girls,RaeLynn,0.044,0.744,0.212,0.9959
161,161,I Lived,OneRepublic,0.133,0.739,0.127,0.0165
162,162,Perfect Storm,Brad Paisley,0.168,0.61,0.222,0.9055
163,163,Dear Future Husband,Meghan Trainor,0.04,0.709,0.251,0.9972
164,164,Often,The Weeknd,0.036,0.746,0.218,0.9977
165,165,Try,Colbie Caillat,0.012,0.857,0.13,0.9845
166,166,"Mary, Did You Know?",Pentatonix,0.087,0.729,0.185,0.9509000000000001
167,167,Masterpiece,Jessie J,0.133,0.606,0.261,0.9978
168,168,Lonely Tonight,Blake Shelton Featuring Ashley Monroe,0.079,0.763,0.158,0.0937
169,169,Dangerous,David Guetta Featuring Sam Martin,0.224,0.732,0.044,0.9962
170,170,Prayer In C,Lillywood & Robin Schulz,0.148,0.74,0.112,0.8823000000000001
171,171,Body Language,Kid Ink Featuring Usher & Tinashe,0.059,0.86,0.08,0.8529
172,172,She Knows,Ne-Yo Featuring Juicy J,0.099,0.825,0.076,0.9538
173,173,Just Gettin' Started,Jason Aldean,0.05,0.862,0.089,0.8093
175,175,Make Me Wanna,Thomas Rhett,0.038,0.903,0.059,0.5027
176,176,Lonely Eyes,Chris Young,0.1,0.699,0.2,0.9522
177,177,Bad Blood,Taylor Swift Featuring Kendrick Lamar,0.204,0.694,0.102,0.9952
178,178,In Your Arms,Nico & Vinz,0.03,0.814,0.155,0.9824999999999999
179,179,Bed Of Lies,Nicki Minaj Featuring Skylar Grey,0.15,0.765,0.086,0.9912000000000001
180,180,Til It's Gone,Kenny Chesney,0.02,0.839,0.141,0.9846
181,181,Somewhere In My Car,Keith Urban,0.073,0.878,0.049,0.5934999999999999
182,182,Mean To Me,Brett Eldredge,0.069,0.802,0.129,0.9480999999999999
183,183,Style,Taylor Swift,0.004,0.897,0.099,0.9817
184,184,Close Your Eyes,Parmalee,0.0,0.836,0.164,0.9916
185,185,Homegrown Honey,Darius Rucker,0.093,0.795,0.112,0.8808999999999999
186,186,Burnin' Up,Jessie J Featuring 2 Chainz,0.054,0.887,0.059,0.4574
187,187,No Love,August Alsina,0.122,0.407,0.471,0.9999
188,188,Shut Up And Dance,WALK THE MOON,0.021,0.964,0.015,0.3802
189,189,Yellow Flicker Beat,Lorde,0.051,0.915,0.034,0.6382
190,190,Break The Rules,Charli XCX,0.072,0.868,0.061,0.49589999999999995
191,191,Something Big,Shawn Mendes,0.041,0.826,0.132,0.9737
192,192,Stuck On A Feeling,Prince Royce Featuring Snoop Dogg,0.141,0.645,0.214,0.9912000000000001
193,193,Apparently,J. Cole,0.148,0.59,0.262,0.9968
194,194,Bad B*tch,French Montana Featuring Jeremih,0.216,0.686,0.098,0.9934
195,195,Like A Cowboy,Randy Houser,0.075,0.672,0.253,0.9938
196,196,Neon Light,Blake Shelton,0.117,0.806,0.077,0.0915
197,197,Can't Stop Dancin',Becky G,0.035,0.8,0.165,0.9896
198,198,Shell Shocked,"Juicy J, Wiz Khalifa & Ty Dolla $ign Featuring Kill The Noise & Madsonik",0.149,0.742,0.109,0.9432
199,199,Title,Meghan Trainor,0.114,0.708,0.178,0.9755
200,200,The Monster,Eminem Featuring Rihanna,0.104,0.746,0.15,0.9913000000000001
201,201,Timber,Pitbull Featuring Ke$ha,0.002,0.854,0.144,0.9974999999999999
202,202,Counting Stars,OneRepublic,0.097,0.789,0.114,0.9282999999999999
204,204,Say Something,A Great Big World & Christina Aguilera,0.027,0.722,0.251,0.9936
205,205,Demons,Imagine Dragons,0.176,0.749,0.075,0.9699
206,206,Let Her Go,Passenger,0.193,0.588,0.219,0.9593999999999999
207,207,Roar,Katy Perry,0.035,0.852,0.113,0.9873
208,208,Story Of My Life,One Direction,0.082,0.782,0.136,0.09620000000000001
209,209,Wake Me Up!,Avicii,0.038,0.728,0.235,0.9917
210,210,Dark Horse,Katy Perry Featuring Juicy J,0.062,0.619,0.319,0.9994
211,211,Wrecking Ball,Miley Cyrus,0.143,0.679,0.178,0.3802
212,212,Burn,Ellie Goulding,0.127,0.739,0.134,0.5775
213,213,23,"Mike WiLL Made-It Featuring Miley Cyrus, Wiz Khalifa & Juicy J",0.027,0.855,0.118,0.9924
214,214,"Hold On, We're Going Home",Drake Featuring Majid Jordan,0.042,0.817,0.141,0.9882
215,215,Sweater Weather,The Neighbourhood,0.036,0.839,0.125,0.9781000000000001
217,217,White Walls,Macklemore & Ryan Lewis Featuring ScHoolboy Q & Hollis,0.128,0.76,0.112,0.9047000000000001
218,218,Team,Lorde,0.111,0.748,0.141,0.8791
219,219,Unconditionally,Katy Perry,0.092,0.547,0.361,0.9955999999999999
220,220,Pompeii,Bastille,0.074,0.733,0.193,0.9917
221,221,Adore You,Miley Cyrus,0.06,0.548,0.392,0.9981
222,222,Do What U Want,Lady Gaga Featuring R. Kelly,0.093,0.691,0.215,0.9842000000000001
223,223,My Hitta,YG Featuring Jeezy & Rich Homie Quan,0.067,0.871,0.062,0.7680999999999999
224,224,Radioactive,Imagine Dragons,0.029,0.85,0.121,0.9579000000000001
226,226,Stay The Night,Zedd Featuring Hayley Williams,0.052,0.913,0.035,0.6187
227,227,Blurred Lines,Robin Thicke Featuring T.I. + Pharrell,0.1,0.707,0.193,0.9928000000000001
228,228,Holy Grail,Jay Z Featuring Justin Timberlake,0.196,0.644,0.161,0.0099
229,229,Gas Pedal,Sage The Gemini Featuring IamSu!,0.118,0.812,0.07,0.9799
230,230,Stay,Florida Georgia Line,0.072,0.76,0.168,0.9933
231,231,Let It Go,Idina Menzel,0.123,0.764,0.114,0.0052
232,232,Rap God,Eminem,0.147,0.711,0.141,0.9884999999999999
233,233,That's My Kind Of Night,Luke Bryan,0.0,0.584,0.416,0.9994999999999999
234,234,Sail,AWOLNATION,0.173,0.762,0.064,0.9400999999999999
235,235,Brave,Sara Bareilles,0.074,0.684,0.241,0.9965999999999999
236,236,Drink A Beer,Luke Bryan,0.062,0.803,0.135,0.9111
237,237,Turn Down For What,DJ Snake & Lil Jon,0.206,0.794,0.0,0.9681
238,238,Marry Me,Jason Derulo,0.026,0.842,0.132,0.9874
239,239,Replay,Zendaya,0.083,0.697,0.22,0.9922000000000001
240,240,All Me,Drake Featuring 2 Chainz & Big Sean,0.206,0.66,0.134,0.9977
241,241,Show Me,Kid Ink Featuring Chris Brown,0.041,0.827,0.132,0.9962
242,242,Let It Go,Demi Lovato,0.053,0.867,0.08,0.7111
243,243,Love More,Chris Brown Featuring Nicki Minaj,0.129,0.796,0.076,0.9861000000000001
244,244,Safe And Sound,Capital Cities,0.015,0.652,0.332,0.9984
245,245,Whatever She's Got,David Nail,0.054,0.821,0.125,0.09459999999999999
246,246,Wasting All These Tears,Cassadee Pope,0.256,0.616,0.128,0.9762000000000001
247,247,Berzerk,Eminem,0.134,0.789,0.078,0.9941000000000001
248,248,It Won't Stop,Sevyn Streeter Featuring Chris Brown,0.02,0.837,0.143,0.9957
249,249,Carolina,Parmalee,0.038,0.679,0.283,0.9981
250,250,Chillin' It,Cole Swindell,0.035,0.8,0.165,0.9869
251,251,Best Day Of My Life,American Authors,0.024,0.749,0.227,0.9959
252,252,HeadBand,B.o.B Featuring 2 Chainz,0.189,0.688,0.123,0.9718
253,253,Best Song Ever,One Direction,0.019,0.725,0.256,0.9987999999999999
254,254,Animals,Martin Garrix,0.228,0.772,0.0,0.5758
255,255,Drunk Last Night,Eli Young Band,0.153,0.811,0.036,0.9759
256,256,When She Says Baby,Jason Aldean,0.108,0.553,0.339,0.9974999999999999
257,257,The Fox,Ylvis,0.031,0.896,0.073,0.9057999999999999
258,258,All That Matters,Justin Bieber,0.017,0.663,0.319,0.9964999999999999
259,259,TKO,Justin Timberlake,0.168,0.715,0.117,0.9883
260,260,Sweet Annie,Zac Brown Band,0.125,0.718,0.157,0.0913
261,261,Love Me Again,John Newman,0.09,0.628,0.282,0.9953
262,262,The Language,Drake,0.175,0.708,0.117,0.9955999999999999
263,263,Survival,Eminem,0.135,0.757,0.108,0.9715
264,264,Do You Want To Build A Snowman?,"Kristen Bell, Agatha Lee Monn & Katie Lopez",0.022,0.857,0.121,0.9517
265,265,Hey Brother,Avicii,0.072,0.832,0.096,0.8541000000000001
266,266,We Were Us,Keith Urban And Miranda Lambert,0.028,0.826,0.146,0.9848000000000001
267,267,All Of Me,John Legend,0.128,0.672,0.2,0.9843
268,268,Don't Let Me Be Lonely,The Band Perry,0.162,0.631,0.207,0.008799999999999999
269,269,Friday Night,Eric Paslay,0.007,0.817,0.176,0.9921
270,270,Alone Together,Fall Out Boy,0.12,0.659,0.221,0.9962
271,271,Compass,Lady Antebellum,0.069,0.788,0.144,0.9435
272,272,XO,Beyonce,0.096,0.637,0.266,0.0995
273,273,For The First Time In Forever,Kristen Bell & Idina Menzel,0.077,0.711,0.213,0.9952
274,274,Radio,Darius Rucker,0.024,0.816,0.16,0.9832000000000001
276,276,Sunny And 75,Joe Nichols,0.019,0.713,0.268,0.9926999999999999
277,277,Up All Night,Jon Pardi,0.127,0.78,0.093,0.4526
278,278,See You Tonight,Scotty McCreery,0.043,0.792,0.165,0.9883
279,279,Bottoms Up,Brantley Gilbert,0.046,0.76,0.195,0.9934
280,280,Bounce It,Juicy J Featuring Wale & Trey Songz,0.075,0.862,0.062,0.9080999999999999
281,281,Mine,Beyonce Featuring Drake,0.05,0.851,0.099,0.9789
282,282,Everybody's Got Somebody But Me,Hunter Hayes Featuring Jason Mraz,0.052,0.783,0.165,0.9846999999999999
283,283,Up Down (Do This All Day),T-Pain Featuring B.o.B,0.085,0.757,0.158,0.9921
284,284,Talk Dirty,Jason Derulo Featuring 2 Chainz,0.123,0.792,0.086,0.9734
285,285,Helluva Life,Frankie Ballard,0.068,0.756,0.176,0.9873
286,286,Waiting For Superman,Daughtry,0.052,0.744,0.204,0.9924
287,287,Heart Attack,Enrique Iglesias,0.129,0.743,0.128,0.5131
288,288,Gorilla,Bruno Mars,0.067,0.595,0.338,0.9991
289,289,Honest,Future,0.116,0.62,0.265,0.9974999999999999
290,290,Perfume,Britney Spears,0.057,0.691,0.252,0.9973000000000001
291,291,Do I Wanna Know?,Arctic Monkeys,0.053,0.929,0.018,0.9394
292,292,The Heart Of Dixie,Danielle Bradbery,0.107,0.779,0.114,0.5412
293,293,I Hold On,Dierks Bentley,0.037,0.656,0.307,0.9977
294,294,Worst Behavior,Drake,0.29,0.609,0.101,0.9993000000000001
295,295,Neon Lights,Demi Lovato,0.059,0.761,0.18,0.9902
296,296,Lolly,Maejor Ali Featuring Juicy J & Justin Bieber,0.033,0.626,0.341,0.9997999999999999
297,297,Paranoid,Ty Dolla $ign Featuring B.o.B,0.296,0.602,0.101,0.9989000000000001
298,298,Bound 2,Kanye West,0.141,0.741,0.118,0.0842
299,299,Old School Love,Lupe Fiasco Featuring Ed Sheeran,0.063,0.661,0.276,0.9992000000000001
300,300,Locked Out Of Heaven,Bruno Mars,0.01,0.507,0.483,0.9994999999999999
301,301,I Knew You Were Trouble.,Taylor Swift,0.342,0.627,0.031,0.09990000000000002
302,302,Diamonds,Rihanna,0.0,0.438,0.562,0.9997999999999999
303,303,Ho Hey,The Lumineers,0.024,0.691,0.285,0.9941000000000001
304,304,Beauty And A Beat,Justin Bieber Featuring Nicki Minaj,0.025,0.791,0.184,0.0995
305,305,Gangnam Style,PSY,0.0,0.933,0.067,0.9911
306,306,Die Young,Ke$ha,0.213,0.673,0.114,0.9939
307,307,One More Night,Maroon 5,0.118,0.655,0.227,0.9958
308,308,Home,Phillip Phillips,0.175,0.773,0.052,0.9469
309,309,Thrift Shop,Macklemore & Ryan Lewis Featuring Wanz,0.124,0.787,0.089,0.09840000000000002
310,310,I Cry,Flo Rida,0.145,0.758,0.096,0.9824999999999999
311,311,Scream & Shout,will.i.am & Britney Spears,0.128,0.828,0.044,0.9941000000000001
312,312,Some Nights,fun.,0.123,0.689,0.188,0.9892
313,313,Girl On Fire,Alicia Keys Featuring Nicki Minaj,0.251,0.618,0.131,0.9959
314,314,Don't You Worry Child,Swedish House Mafia Featuring John Martin,0.0,0.813,0.187,0.3182
315,315,The A Team,Ed Sheeran,0.205,0.642,0.153,0.9349000000000001
316,316,We Are Never Ever Getting Back Together,Taylor Swift,0.06,0.768,0.173,0.9946999999999999
317,317,Try,P!nk,0.123,0.785,0.092,0.8831
318,318,Cruise,Florida Georgia Line Featuring Nelly,0.058,0.85,0.092,0.9304
319,319,Swimming Pools (Drank),Kendrick Lamar,0.094,0.826,0.08,0.9606
320,320,It's Time,Imagine Dragons,0.031,0.878,0.09,0.9113
321,321,Let Me Love You (Until You Learn To Love Yourself),Ne-Yo,0.043,0.481,0.476,0.9997
322,322,Clique,"Kanye West, Jay-Z, Big Sean",0.149,0.77,0.081,0.9981
323,323,As Long As You Love Me,Justin Bieber Featuring Big Sean,0.07,0.548,0.382,0.9997999999999999
324,324,Wanted,Hunter Hayes,0.017,0.736,0.247,0.9965999999999999
325,325,F**kin Problems,"A$AP Rocky Featuring Drake, 2 Chainz & Kendrick Lamar",0.17,0.615,0.216,0.9824999999999999
326,326,Call Me Maybe,Carly Rae Jepsen,0.265,0.674,0.061,0.9981
327,327,Hall Of Fame,The Script Featuring will.i.am,0.024,0.655,0.321,0.9992000000000001
328,328,No Worries,Lil Wayne Featuring Detail,0.153,0.715,0.133,0.9775
329,329,I'm Different,2 Chainz,0.132,0.726,0.142,0.2786
330,330,Don't Stop The Party,Pitbull Featuring TJR,0.153,0.577,0.27,0.9978999999999999
331,331,Va Va Voom,Nicki Minaj,0.045,0.812,0.143,0.0991
332,332,Little Things,One Direction,0.082,0.693,0.226,0.9943
333,333,Too Close,Alex Clare,0.058,0.66,0.281,0.9954000000000001
334,334,Bandz A Make Her Dance,Juicy J Featuring Lil Wayne & 2 Chainz,0.077,0.871,0.052,0.9647
335,335,Catch My Breath,Kelly Clarkson,0.043,0.895,0.062,0.8402
336,336,Don't Wake Me Up,Chris Brown,0.03,0.902,0.068,0.9340999999999999
337,337,Little Talks,Of Monsters And Men,0.077,0.769,0.154,0.9821
338,338,Better Dig Two,The Band Perry,0.107,0.757,0.136,0.8313
339,339,Sweet Nothing,Calvin Harris Featuring Florence Welch,0.133,0.565,0.302,0.9936
340,340,Every Storm (Runs Out Of Rain),Gary Allan,0.064,0.791,0.145,0.9511
341,341,Daylight,Maroon 5,0.018,0.852,0.13,0.0987
342,342,Live While We're Young,One Direction,0.089,0.818,0.094,0.8084
343,343,Adorn,Miguel,0.023,0.693,0.283,0.0998
344,344,Thinkin Bout You,Frank Ocean,0.058,0.864,0.077,0.5496000000000001
345,345,I Will Wait,Mumford & Sons,0.018,0.884,0.098,0.8223
346,346,Blow Me (One Last Kiss),P!nk,0.211,0.57,0.219,0.029699999999999997
347,347,Somebody That I Used To Know,Gotye Featuring Kimbra,0.107,0.599,0.294,0.8943
348,348,Ready Or Not,Bridgit Mendler,0.003,0.714,0.283,0.9994
349,349,Lights,Ellie Goulding,0.139,0.748,0.113,0.0644
351,351,Anything Could Happen,Ellie Goulding,0.083,0.898,0.019,0.9294
352,352,How Country Feels,Randy Houser,0.037,0.963,0.0,0.6705
353,353,Somebody's Heartbreak,Hunter Hayes,0.111,0.774,0.115,0.5274
354,354,Love Sosa,Chief Keef,0.197,0.703,0.1,0.9971
355,355,Goodbye In Her Eyes,Zac Brown Band,0.078,0.814,0.107,0.8916000000000001
356,356,Feel Again,OneRepublic,0.159,0.61,0.231,0.9751
357,357,Ball,T.I. Featuring Lil Wayne,0.145,0.747,0.108,0.9795
358,358,Til My Last Day,Justin Moore,0.059,0.661,0.279,0.9968
359,359,Beer Money,Kip Moore,0.032,0.784,0.185,0.9877
360,360,Skyfall,Adele,0.076,0.862,0.062,0.41550000000000004
361,361,Begin Again,Taylor Swift,0.062,0.739,0.2,0.9928000000000001
362,362,Kiss Tomorrow Goodbye,Luke Bryan,0.063,0.634,0.304,0.9967
363,363,Tornado,Little Big Town,0.092,0.802,0.107,0.39189999999999997
364,364,Remember You,Wiz Khalifa Featuring The Weeknd,0.132,0.759,0.109,0.9783
365,365,Creepin',Eric Church,0.139,0.721,0.14,0.3133
366,366,Wicked Games,The Weeknd,0.127,0.718,0.155,0.8916999999999999
367,367,I Dreamed A Dream,Anne Hathaway,0.15,0.618,0.232,0.7546999999999999
368,368,Don't Judge Me,Chris Brown,0.097,0.634,0.269,0.9984
369,369,Southern Comfort Zone,Brad Paisley,0.051,0.787,0.162,0.9871000000000001
370,370,Guap,Big Sean,0.133,0.771,0.096,0.9955
371,371,Oath,Cher Lloyd Featuring Becky G,0.063,0.768,0.17,0.0993
372,372,Poetic Justice,Kendrick Lamar Featuring Drake,0.069,0.729,0.202,0.9989000000000001
373,373,Merry Go 'round,Kacey Musgraves,0.119,0.717,0.164,0.9671
374,374,Two Black Cadillacs,Carrie Underwood,0.14,0.624,0.235,0.09790000000000001
375,375,All Gold Everything,Trinidad James,0.106,0.793,0.101,0.7746999999999999
376,376,Madness,Muse,0.33,0.453,0.217,0.9747
377,377,One Of Those Nights,Tim McGraw,0.039,0.846,0.115,0.9294
378,378,Red,Taylor Swift,0.145,0.523,0.332,0.9935
379,379,Celebration,"Game Featuring Chris Brown, Tyga, Wiz Khalifa & Lil Wayne",0.064,0.742,0.194,0.09990000000000002
380,380,Diced Pineapples,Rick Ross Featuring Wale & Drake,0.135,0.684,0.181,0.9794
381,381,Kiss You,One Direction,0.0,0.758,0.242,0.9973000000000001
382,382,22,Taylor Swift,0.062,0.691,0.247,0.9954000000000001
383,383,El Cerrito Place,Kenny Chesney,0.014,0.92,0.066,0.9403
384,384,Young & Gettin' It,Meek Mill Featuring Kirko Bangz,0.155,0.757,0.089,0.9954000000000001
385,385,Tip It On Back,Dierks Bentley,0.057,0.816,0.127,0.9042
386,386,Neva End,Future,0.048,0.849,0.103,0.9853999999999999
387,387,Did It For The Girl,Greg Bates,0.01,0.897,0.093,0.0931
388,388,Crying On A Suitcase,Casey James,0.14,0.756,0.104,0.8643000000000001
389,389,King Wizard,Kid Cudi,0.167,0.759,0.073,0.0991
390,390,Rest Of My Life,Ludacris Featuring Usher & David Guetta,0.105,0.784,0.111,0.1248
392,392,When I Was Your Man,Bruno Mars,0.109,0.652,0.239,0.9862
393,393,Who Booty,Jonn Hart Featuring IamSU!,0.075,0.837,0.088,0.059399999999999994
394,394,Bellas Finals: Price Tag / Don't You (Forget About Me)...,The Barden Bellas,0.055,0.781,0.164,0.9921
395,395,C'mon,Ke$ha,0.037,0.728,0.235,0.9968999999999999
396,396,Rock Me,One Direction,0.04,0.728,0.232,0.9938
397,397,My Moment,"DJ Drama Featuring 2 Chainz, Meek Mill & Jeremih",0.164,0.73,0.106,0.9897
398,398,Ice,Kelly Rowland Featuring Lil Wayne,0.075,0.741,0.184,0.9936
399,399,Without Me,Halsey,0.093,0.86,0.047,0.9240999999999999
400,400,"Thank U, Next",Ariana Grande,0.066,0.537,0.396,0.9997999999999999
401,401,Sunflower (Spider-Man: Into The Spider-Verse),Post Malone & Swae Lee,0.03,0.838,0.132,0.9924
402,402,Sicko Mode,Travis Scott,0.082,0.719,0.199,0.9982
403,403,High Hopes,Panic! At The Disco,0.028,0.728,0.244,0.0998
404,404,Happier,Marshmello & Bastille,0.036,0.73,0.234,0.9962
405,405,Girls Like You,Maroon 5 Featuring Cardi B,0.015,0.383,0.602,0.9997999999999999
406,406,Drip Too Hard,Lil Baby & Gunna,0.201,0.767,0.032,0.9978
407,407,ZEZE,Kodak Black Featuring Travis Scott & Offset,0.152,0.703,0.145,0.9869
408,408,Better Now,Post Malone,0.018,0.776,0.205,0.9981
409,409,Eastside,"benny blanco, Halsey & Khalid",0.037,0.827,0.136,0.9909000000000001
410,410,Wake Up In The Sky,Gucci Mane X Bruno Mars X Kodak Black,0.061,0.859,0.08,0.9999
411,411,Wow.,Post Malone,0.073,0.692,0.235,0.9974999999999999
412,412,Youngblood,5 Seconds Of Summer,0.111,0.727,0.162,0.0224
413,413,Mo Bamba,Sheck Wes,0.22,0.698,0.082,0.9974000000000001
414,414,Breathin,Ariana Grande,0.037,0.915,0.048,0.5993999999999999
415,415,Money,Cardi B,0.205,0.691,0.104,0.9983000000000001
416,416,Lucid Dreams,Juice WRLD,0.175,0.688,0.137,0.9766
417,417,Taki Taki,"DJ Snake Featuring Selena Gomez, Ozuna & Cardi B",0.057,0.741,0.202,0.9726000000000001
418,418,MIA,Bad Bunny Featuring Drake,0.061,0.888,0.052,0.9208999999999999
419,419,Going Bad,Meek Mill Featuring Drake,0.083,0.809,0.108,0.8718
420,420,Leave Me Alone,Flipp Dinero,0.416,0.433,0.151,0.9996
421,421,Trip,Ella Mai,0.177,0.621,0.202,0.9526999999999999
422,422,Speechless,Dan + Shay,0.082,0.834,0.084,0.1326
423,423,Natural,Imagine Dragons,0.086,0.718,0.196,0.9853999999999999
424,424,I Like It,"Cardi B, Bad Bunny & J Balvin",0.059,0.734,0.207,0.9992000000000001
425,425,Love Lies,Khalid & Normani,0.195,0.555,0.25,0.9875999999999999
426,426,Beautiful,Bazzi Featuring Camila Cabello,0.038,0.563,0.399,0.9996
427,427,Shallow,Lady Gaga & Bradley Cooper,0.073,0.793,0.134,0.9221
428,428,Better,Khalid,0.148,0.632,0.22,0.9811
429,429,She Got The Best Of Me,Luke Combs,0.107,0.615,0.278,0.9930999999999999
430,430,Baby Shark,Pinkfong,0.0,0.956,0.044,0.9147000000000001
432,432,You Say,Lauren Daigle,0.087,0.792,0.12,0.0875
433,433,Uproar,Lil Wayne,0.13,0.748,0.122,0.7950999999999999
434,434,A Lot,21 Savage,0.151,0.733,0.117,0.9944000000000001
435,435,Best Shot,Jimmie Allen,0.044,0.668,0.288,0.9984
436,436,Swervin,A Boogie Wit da Hoodie Featuring 6ix9ine,0.202,0.623,0.174,0.9823999999999999
437,437,Drunk Me,Mitchell Tenpenny,0.206,0.663,0.131,0.9734
438,438,Be Alright,Dean Lewis,0.149,0.687,0.164,0.5835
439,439,Sweet But Psycho,Ava Max,0.092,0.739,0.17,0.9871000000000001
440,440,Sixteen,Thomas Rhett,0.019,0.829,0.153,0.9893000000000001
441,441,Talk To Me,Tory Lanez & Rich The Kid,0.068,0.814,0.118,0.9712999999999999
442,442,Backin' It Up,Pardison Fontaine Featuring Cardi B,0.231,0.718,0.051,0.9994
443,443,Burning Man,Dierks Bentley Featuring Brothers Osborne,0.023,0.858,0.119,0.9803000000000001
444,444,Dangerous,Meek Mill Featuring Jeremih & PnB Rock,0.148,0.709,0.143,0.9227000000000001
445,445,Good Girl,Dustin Lynch,0.011,0.739,0.249,0.9978999999999999
446,446,Beautiful Crazy,Luke Combs,0.204,0.636,0.16,0.21349999999999997
447,447,Nothing Breaks Like A Heart,Mark Ronson Featuring Miley Cyrus,0.273,0.671,0.057,0.9984
448,448,This Feeling,The Chainsmokers Featuring Kelsea Ballerini,0.103,0.814,0.083,0.8371999999999999
449,449,Consequences,Camila Cabello,0.106,0.443,0.451,0.9981
450,450,Girl Like You,Jason Aldean,0.106,0.689,0.205,0.09840000000000002
451,451,Last Shot,Kip Moore,0.035,0.884,0.081,0.8834
452,452,Look Back At It,A Boogie Wit da Hoodie,0.052,0.719,0.229,0.9973000000000001
454,454,Armed And Dangerous,Juice WRLD,0.0,0.813,0.187,0.3182
455,455,This Is It,Scotty McCreery,0.032,0.737,0.231,0.9917999999999999
456,456,Calling My Spirit,Kodak Black,0.138,0.756,0.106,0.8669
457,457,You,Jacquees,0.29,0.452,0.258,0.9468
458,458,No Stylist,French Montana Featuring Drake,0.109,0.817,0.074,0.9617000000000001
459,459,Startender,A Boogie Wit da Hoodie Featuring Offset & Tyga,0.089,0.729,0.182,0.9942
461,461,Imagine,Ariana Grande,0.027,0.748,0.224,0.9946999999999999
462,462,Ella Quiere Beber,Anuel AA & Romeo Santos,0.021,0.975,0.004,0.8957
463,463,Can't Leave Without It,21 Savage,0.146,0.735,0.119,0.9898
464,464,Envy Me,Calboy,0.15,0.713,0.137,0.9051
465,465,Smile (Living My Best Life),Lil' Duval Featuring Snoop Dogg & Ball Greezy,0.278,0.504,0.218,0.9974000000000001
466,466,When The Party's Over,Billie Eilish,0.04,0.553,0.407,0.0998
467,467,Millionaire,Chris Stapleton,0.011,0.636,0.354,0.9955999999999999
468,468,BAD!,XXXTENTACION,0.157,0.592,0.251,0.9461
469,469,Lost In Japan,Shawn Mendes X Zedd,0.043,0.862,0.096,0.9953
470,470,Pure Cocaine,Lil Baby,0.063,0.778,0.16,0.9949
471,471,Lovely,Billie Eilish & Khalid,0.049,0.74,0.21,0.9907999999999999
472,472,Fine China,Future & Juice WRLD,0.136,0.73,0.134,0.7537
473,473,Take It From Me,Jordan Davis,0.056,0.713,0.231,0.9922000000000001
474,474,What Makes You Country,Luke Bryan,0.075,0.856,0.069,0.4187
475,475,Yosemite,Travis Scott,0.014,0.87,0.116,0.9871000000000001
476,476,Monster,21 Savage,0.127,0.755,0.118,0.0885
477,477,Blue Tacoma,Russell Dickerson,0.017,0.773,0.21,0.0995
478,478,Down To The Honkytonk,Jake Owen,0.006,0.908,0.086,0.9578
479,479,Close Friends,Lil Baby,0.159,0.679,0.162,0.7158
480,480,Love Someone,Lukas Graham,0.206,0.619,0.176,0.1301
481,481,Love Wins,Carrie Underwood,0.139,0.483,0.378,0.9983000000000001
482,482,KIKA,6ix9ine Featuring Tory Lanez,0.203,0.751,0.046,0.9943
483,483,Nuketown,Ski Mask The Slump God Featuring Juice WRLD,0.211,0.633,0.156,0.9961
484,484,Ruin My Life,Zara Larsson,0.33,0.457,0.213,0.9991
485,485,Body,Loud Luxury Featuring Brando,0.139,0.567,0.294,0.9972
486,486,Dip,Tyga & Nicki Minaj,0.114,0.78,0.107,0.9696999999999999
487,487,Good Form,Nicki Minaj Featuring Lil Wayne,0.0,0.98,0.02,0.9474
488,488,Demons And Angels,A Boogie Wit da Hoodie Featuring Juice WRLD,0.173,0.697,0.13,0.9883
489,489,Here Tonight,Brett Young,0.05,0.786,0.164,0.9799
490,490,Burn Out,Midland,0.155,0.806,0.039,0.9689
491,491,Solo de Mi,Bad Bunny,0.037,0.944,0.018,0.7605000000000001
492,492,Lucky You,Eminem Featuring Joyner Lucas,0.092,0.804,0.104,0.5328999999999999
493,493,Roses,benny blanco & Juice WRLD Featuring Brendon Urie,0.212,0.652,0.137,0.9951000000000001
494,494,whoa (mind in awe),XXXTENTACION,0.022,0.797,0.181,0.9144
495,495,All My Friends,21 Savage,0.121,0.729,0.15,0.9602999999999999
496,496,Make It Sweet,Old Dominion,0.104,0.764,0.131,0.9385999999999999
497,497,Ocean Eyes,Billie Eilish,0.146,0.771,0.083,0.9445
498,498,idontwannabeyouanymore,Billie Eilish,0.147,0.644,0.209,0.8544
499,499,Perfect,Ed Sheeran,0.036,0.589,0.375,0.9986
500,500,Havana,Camila Cabello Featuring Young Thug,0.013,0.893,0.094,0.09940000000000002
501,501,Rockstar,Post Malone Featuring 21 Savage,0.016,0.978,0.005,0.6641
502,502,Thunder,Imagine Dragons,0.038,0.924,0.038,0.2792
503,503,No Limit,G-Eazy Featuring A$AP Rocky & Cardi B,0.201,0.718,0.082,0.9991
504,504,Bad At Love,Halsey,0.168,0.624,0.208,0.9785999999999999
505,505,Too Good At Goodbyes,Sam Smith,0.22,0.592,0.188,0.6234
506,506,MotorSport,"Migos, Nicki Minaj & Cardi B",0.12,0.746,0.134,0.8596999999999999
507,507,Gucci Gang,Lil Pump,0.136,0.805,0.059,0.9941000000000001
508,508,Bodak Yellow (Money Moves),Cardi B,0.246,0.682,0.072,0.9976
509,509,New Rules,Dua Lipa,0.103,0.847,0.049,0.9783
510,510,Feel It Still,Portugal. The Man,0.081,0.734,0.185,0.9874
511,511,Shape Of You,Ed Sheeran,0.03,0.682,0.288,0.9993000000000001
512,512,Love.,Kendrick Lamar Featuring Zacari,0.004,0.975,0.021,0.8765000000000001
513,513,Sorry Not Sorry,Demi Lovato,0.231,0.582,0.188,0.0955
514,514,Believer,Imagine Dragons,0.198,0.72,0.083,0.9919
515,515,Him & I,G-Eazy & Halsey,0.174,0.662,0.164,0.7936
516,516,Let You Down,NF,0.099,0.682,0.219,0.9974000000000001
517,517,Bartier Cardi,Cardi B Featuring 21 Savage,0.242,0.668,0.09,0.9994999999999999
518,518,Gummo,6ix9ine,0.294,0.677,0.029,0.09990000000000002
519,519,What Lovers Do,Maroon 5 Featuring SZA,0.012,0.759,0.229,0.9984999999999999
520,520,Young Dumb & Broke,Khalid,0.474,0.377,0.149,0.9993000000000001
521,521,I Fall Apart,Post Malone,0.204,0.732,0.064,0.9938
522,522,Meant To Be,Bebe Rexha & Florida Georgia Line,0.056,0.885,0.059,0.5535
523,523,Despacito,Luis Fonsi & Daddy Yankee Featuring Justin Bieber,0.083,0.689,0.228,0.9923
524,524,I Get The Bag,Gucci Mane Featuring Migos,0.124,0.749,0.127,0.8332
525,525,How Long,Charlie Puth,0.021,0.844,0.136,0.9901
527,527,Bank Account,21 Savage,0.153,0.584,0.263,0.9963
528,528,Mi Gente,J Balvin & Willy William Featuring Beyonce,0.016,0.815,0.17,0.9974000000000001
529,529,Plain Jane,A$AP Ferg Featuring Nicki Minaj,0.159,0.775,0.066,0.9946999999999999
530,530,That's What I Like,Bruno Mars,0.043,0.679,0.278,0.9984
531,531,1-800-273-8255,Logic Featuring Alessia Cara & Khalid,0.09,0.719,0.192,0.9951000000000001
532,532,Attention,Charlie Puth,0.065,0.835,0.1,0.9155
533,533,Finesse,Bruno Mars & Cardi B,0.075,0.814,0.111,0.9494
534,534,The Way Life Goes,Lil Uzi Vert Featuring Nicki Minaj,0.157,0.733,0.11,0.9941000000000001
535,535,The Weekend,SZA,0.075,0.73,0.195,0.0988
536,536,Sky Walker,Miguel Featuring Travis Scott,0.083,0.654,0.263,0.9991
537,537,End Game,Taylor Swift Featuring Ed Sheeran & Future,0.039,0.93,0.031,0.9432
538,538,Let Me Go,Hailee Steinfeld & Alesso Featuring Florida Georgia Line & Watt,0.074,0.658,0.269,0.9978999999999999
539,539,Silence,Marshmello Featuring Khalid,0.211,0.609,0.179,0.8977
540,540,Unforgettable,French Montana Featuring Swae Lee,0.096,0.76,0.144,0.9789
541,541,What About Us,P!nk,0.11,0.645,0.244,0.9924
542,542,Marry Me,Thomas Rhett,0.055,0.707,0.238,0.9938
543,543,River,Eminem Featuring Ed Sheeran,0.222,0.641,0.136,0.9961
544,544,Like I Loved You,Brett Young,0.149,0.66,0.191,0.9526999999999999
545,545,Roll In Peace,Kodak Black Featuring XXXTENTACION,0.127,0.737,0.137,0.5086
546,546,Lemon,N*E*R*D & Rihanna,0.073,0.825,0.102,0.9994999999999999
547,547,Ric Flair Drip,Offset & Metro Boomin,0.096,0.734,0.169,0.9904
548,548,Lights Down Low,MAX Featuring gnash,0.103,0.706,0.191,0.9898999999999999
549,549,Pills And Automobiles,"Chris Brown Featuring Yo Gotti, A Boogie Wit da Hoodie & Kodak Black",0.137,0.772,0.091,0.9945999999999999
550,550,Yours,Russell Dickerson,0.14,0.497,0.363,0.9968
551,551,Greatest Love Story,LANCO,0.046,0.735,0.219,0.0996
552,552,Good Old Days,Macklemore Featuring Kesha,0.025,0.723,0.252,0.9987
553,553,Look What You Made Me Do,Taylor Swift,0.167,0.725,0.108,0.9749000000000001
554,554,I'll Name The Dogs,Blake Shelton,0.021,0.834,0.145,0.9888999999999999
555,555,Round Here Buzz,Eric Church,0.03,0.849,0.122,0.9741
556,556,...Ready For It?,Taylor Swift,0.126,0.705,0.169,0.9582
557,557,Candy Paint,Post Malone,0.11,0.768,0.122,0.42380000000000007
558,558,Rubbin Off The Paint,YBN Nahmir,0.163,0.746,0.091,0.9936
559,559,La Modelo,Ozuna x Cardi B,0.058,0.91,0.033,0.9026
560,560,I Could Use A Love Song,Maren Morris,0.09,0.638,0.272,0.9957
561,561,Losing Sleep,Chris Young,0.155,0.652,0.192,0.8644999999999999
562,562,Echame La Culpa,Luis Fonsi & Demi Lovato,0.1,0.836,0.064,0.9768000000000001
563,563,Codeine Dreaming,Kodak Black Featuring Lil Wayne,0.014,0.912,0.074,0.9872
564,564,MIC Drop,BTS Featuring Desiigner,0.09,0.876,0.033,0.9935
565,565,You Broke Up With Me,Walker Hayes,0.208,0.703,0.089,0.9944000000000001
566,566,Kooda,6ix9ine,0.213,0.782,0.005,0.9984999999999999
567,567,Light It Up,Luke Bryan,0.109,0.747,0.143,0.8476000000000001
568,568,Written In The Sand,Old Dominion,0.068,0.75,0.182,0.9501
569,569,Never Be The Same,Camila Cabello,0.175,0.792,0.033,0.9955999999999999
570,570,Tell Me You Love Me,Demi Lovato,0.076,0.621,0.303,0.9987
571,571,No Smoke,YoungBoy Never Broke Again,0.232,0.598,0.17,0.9907999999999999
572,572,Ice Tray,Quavo & Lil Yachty,0.132,0.742,0.126,0.9114000000000001
573,573,Krippy Kush,"Farruko, Nicki Minaj, Bad Bunny, 21 Savage & Rvssian",0.026,0.94,0.034,0.15109999999999998
574,574,Betrayed,Lil Xan,0.227,0.657,0.116,0.0996
575,575,Pick It Up,Famous Dex Featuring A$AP Rocky,0.166,0.723,0.11,0.9967
576,576,Five More Minutes,Scotty McCreery,0.051,0.741,0.209,0.9943
577,577,Legends,Kelsea Ballerini,0.147,0.609,0.245,0.9858
578,578,One Foot,WALK THE MOON,0.119,0.779,0.102,0.2582
579,579,Mayores,Becky G Featuring Bad Bunny,0.039,0.954,0.007,0.9409000000000001
580,580,Heaven,Kane Brown,0.069,0.599,0.332,0.9971
581,581,This Is Me,Keala Settle & The Greatest Showman Ensemble,0.151,0.722,0.127,0.7552
582,582,My Dawg,Lil Baby,0.061,0.832,0.107,0.9648
583,583,Rewrite The Stars,Zac Efron & Zendaya,0.08,0.878,0.042,0.9238
584,584,Too Much To Ask,Niall Horan,0.064,0.788,0.148,0.9749000000000001
585,585,All On Me,Devin Dawson,0.16,0.736,0.103,0.0969
586,586,Never Enough,Loren Allred,0.039,0.89,0.071,0.6322
587,587,Stir Fry,Migos,0.056,0.787,0.157,0.9973000000000001
